first_visit_datetime_pc=2023-06-26+00%3A21%3A55; p_ab_id=7; p_ab_id_2=2; p_ab_d_id=1665617415; yuid_b=cVQgBwA; _ga=GA1.1.509350204.1687706519; __cf_bm=qnIMxhqC0ZE7_KsNyCfFAJHLH3P0SHBS4LWjkc7pztc-1687706520-0-AUZEZgPslRf2fKoT+PY1sSY26cEHDopYZshFLkKfeKALfT70Sd6BGcwDp8bEH0OuDO+WjxPz9vuvUOlGPU6OkfQidKg8iuONRd7oN2csBwZPvuOpkjLh0T8wAsevGA8T5w==; PHPSESSID=87833254_XRTg0yXMvhckt5dS7IeuShRWad02IBfD; device_token=caf586dead637f7b88e320f03ee1f8b8; privacy_policy_agreement=6; _ga_MZ1NL4PHH0=GS1.1.1687706521.1.1.1687706536.0.0.0; c_type=26; privacy_policy_notification=0; a_type=1; b_type=0; QSI_S_ZN_5hF4My7Ad6VNNAi=v:100:0; QSI_SI_eY5YAs3UC8fZN3g_intercept=true; tag_view_ranking=-98s6o2-Rp~EZQqoW9r8g~YCJduqB2Ci~QNwyuD2inn~iszjNkquhZ~SabAhgyqOF; _ga_75BBYNYN9J=GS1.1.1687706518.1.1.1687706573.0.0.0
first_visit_datetime_pc=2021-07-02+15:40:32; p_ab_id=9; p_ab_id_2=2; p_ab_d_id=546313176; yuid_b=IXMlgmA; privacy_policy_notification=0; a_type=0; b_type=1; login_ever=yes; first_visit_datetime=2022-02-13+01:28:26; PHPSESSID=16981004_N0l7gAuyGHJOW00lsyY2y4SOG2UcW8kY; _ga_692MXKN5XF=GS1.1.1666422380.1.0.1666422523.0.0.0; pt_60er4xix=uid=BhyiTejl873JxXk-Q52ycQ&nid=1&vid=tuxor64LLf/bICkObbgbrw&vn=1&pvn=1&sact=1672499202357&to_flag=0&pl=IZoRf4OCSv6aouL5bhDEAg*pt*1672499078403; c_type=28; cf_clearance=Nc238qywDPwQ0xAxiVQJqEU9nRib0ruO4xqUqiTMIHk-1680346660-0-1-62b095bb.dc39bd81.35b1ca5b-250; _ga_MZ1NL4PHH0=GS1.1.1680504369.5.0.1680504383.0.0.0; privacy_policy_agreement=5; _gcl_au=1.1.493398084.1682066403; _gid=GA1.2.1234678949.1683808570; QSI_S_ZN_5hF4My7Ad6VNNAi=v:0:0; _ga_ZPL8LPMDK3=GS1.1.1684245038.3.0.1684245044.0.0.0; __utmz=235335808.1684301073.458.71.utmcsr=web.telegram.org|utmccn=(referral)|utmcmd=referral|utmcct=/; __utmc=235335808; __utmv=235335808.|2=login ever=yes=1^3=plan=normal=1^5=gender=male=1^6=user_id=16981004=1^9=p_ab_id=9=1^10=p_ab_id_2=2=1^11=lang=zh=1^20=webp_available=yes=1; __utma=235335808.689511952.1625208038.1684419327.1684468670.468; __utmt=1; __cf_bm=zcbPAjjhWXChld87fQ9a276zuGhanAzOZ7p6B0Q9dBQ-1684468670-0-AT0h5IxUl5J+FKxvcHHXj6pCi0+cOgbHZL+O9JVWI+b+7NsAx6YqspNhpg8MOKgxZRtr4EeyqekYWf2D69NuT+CY524r53WucTJVGvIjbs2AHS2vyCQsvhie37Cue93jXz/SSAzYxUcFPpc+squVoJnwP0c4HTlriB4zYoAhZOrJ; __utmb=235335808.6.10.1684468670; tag_view_ranking=Lt-oEicbBr~0xsDLqCEW6~RTJMXD26Ak~aKhT3n4RHZ~HY55MqmzzQ~LowUF3jomy~4QveACRzn3~BtXd1-LPRH~nIjJS15KLN~eVxus64GZU~LJo91uBPz4~ePN3h1AXKX~nK5hU21ePB~1G4QS71Nqp~RcahSSzeRf~qkC-JF_MXY~0nLDLr1p0U~PvCsalAgmW~C8O3lU89a4~aoDHCg-eB6~7WfWkHyQ76~_EOd7bsGyl~75zhzbk0bS~_hSAdpN9rx~CkDjyRo6Vc~7fCik7KLYi~oJAJo4VO5E~O2wfZxfonb~D9BseuUB5Z~gCB7z_XWkp~614Zo5TCW3~IfaF0TxCLS~aGO8YNQCTn~qZU6LDEucx~Ie2c51_4Sp~jk9IzfjZ6n~pnCQRVigpy~Ed_W9RQRe_~kGYw4gQ11Z~tlXeaI4KBb~CcqHukP16_~5oPIfUbtd6~K8esoIs2eW~kP7msdIeEU~NGpDowiVmM~K_4a9Zn51L~u8McsBs7WV~eskRctsXNQ~4LfBhWYcxv~cf5rk7iZMp~VvLPdTIkqR~KN7uxuR89w~UJG1lu-V13~w8ffkPoJ_S~v3nOtgG77A~HffPWSkEm-~KvAGITxIxH~D0nMcn6oGk~ESLnwRoXxh~faHcYIP1U0~OT4SuGenFI~cxG7coNmIs~IZ_jDBexhJ~uusOs0ipBx~weJthAwEY_~Xyw8zvsyR4~hYWPEaxgrE~PHQDP-ccQD~sr5scJlaNv~BU9SQkS-zU~EZQqoW9r8g~MOpt8FQEFE~Bo1xMRD4DT~bXMh6mBhl8~Wxk4MkYNNf~uvBGOtCzqF~DvPEDVwqCg~yoWuYSVDK0~Yv2C9XifX_~4fhov5mA8J~nmhKtIFWev~1G1bsV2xcg~1yIPTg75Rl~Thyk9saBEx~XDEWeW9f9i~t99pwr5FhR~f78H6GFTut~j3leh4reoN~-TeGk6mN86~BN7FnIP06x~_pwIgrV8TB~IDFhfG_DPy~-Lny-nXdRn~HLWLeyYOUF~03UrGVq0aZ~KOnmT1ndWG~GFExx0uFgX~YwFSFSp-0J~TV3I2h_Vd8~gzY20gtW1F; _ga_75BBYNYN9J=GS1.1.1684468671.484.1.1684469077.0.0.0; _ga=GA1.1.689511952.1625208038